69.833000183105469 22.580999374389648
69.989700317382812 22.650699615478516
70.003997802734375 22.593500137329102
69.833000183105469 22.580999374389648
69.833000183105469 22.580999374389648
69.810096740722656 22.715799331665039
69.857498168945312 22.729200363159180
69.833000183105469 22.580999374389648
69.833000183105469 22.580999374389648
69.711601257324219 22.687500000000000
69.810096740722656 22.715799331665039
69.833000183105469 22.580999374389648
69.833000183105469 22.580999374389648
69.833099365234375 22.449600219726562
69.771598815917969 22.437400817871094
69.833000183105469 22.580999374389648
